0.000000000000000000e+00
9.000000000000001055e-03
1.800000000000000211e-02
2.700000000000000316e-02
3.600000000000000422e-02
4.500000000000000527e-02
5.400000000000000633e-02
6.300000000000000044e-02
7.200000000000000844e-02
8.100000000000001643e-02
9.000000000000001055e-02
9.900000000000000466e-02
1.080000000000000127e-01
1.170000000000000207e-01
1.260000000000000009e-01
1.350000000000000089e-01
1.440000000000000169e-01
1.530000000000000249e-01
1.620000000000000329e-01
1.710000000000000131e-01
1.800000000000000211e-01
1.890000000000000291e-01
1.980000000000000093e-01
2.070000000000000173e-01
2.160000000000000253e-01
2.250000000000000333e-01
2.340000000000000413e-01
2.430000000000000215e-01
2.520000000000000018e-01
2.610000000000000098e-01
2.700000000000000178e-01
2.790000000000000258e-01
2.880000000000000338e-01
2.970000000000000417e-01
3.060000000000000497e-01
3.150000000000000577e-01
3.240000000000000657e-01
3.330000000000000182e-01
3.420000000000000262e-01
3.510000000000000342e-01
3.600000000000000422e-01
3.690000000000000502e-01
3.780000000000000582e-01
3.870000000000000662e-01
3.960000000000000187e-01
4.050000000000000266e-01
4.140000000000000346e-01
4.230000000000000426e-01
4.320000000000000506e-01
4.410000000000000586e-01
4.500000000000000666e-01
4.590000000000000746e-01
4.680000000000000826e-01
4.770000000000000351e-01
4.860000000000000431e-01
4.950000000000000511e-01
5.040000000000000036e-01
5.130000000000000115e-01
5.220000000000000195e-01
5.310000000000000275e-01
5.400000000000000355e-01
5.490000000000000435e-01
5.580000000000000515e-01
5.670000000000000595e-01
5.760000000000000675e-01
5.850000000000000755e-01
5.940000000000000835e-01
6.030000000000000915e-01
6.120000000000000995e-01
6.210000000000001075e-01
6.300000000000001155e-01
6.390000000000001235e-01
6.480000000000001315e-01
6.570000000000000284e-01
6.660000000000000364e-01
6.750000000000000444e-01
6.840000000000000524e-01
6.930000000000000604e-01
7.020000000000000684e-01
7.110000000000000764e-01
7.200000000000000844e-01
7.290000000000000924e-01
7.380000000000001004e-01
7.470000000000001084e-01
7.560000000000001164e-01
7.650000000000001243e-01
7.740000000000001323e-01
7.830000000000001403e-01
7.920000000000000373e-01
8.010000000000000453e-01
8.100000000000000533e-01
8.190000000000000613e-01
8.280000000000000693e-01
8.370000000000000773e-01
8.460000000000000853e-01
8.550000000000000933e-01
8.640000000000001013e-01
8.730000000000001092e-01
8.820000000000001172e-01
8.910000000000001252e-01
9.000000000000000222e-01
9.010000000000000231e-01
9.020000000000000240e-01
9.030000000000000249e-01
9.040000000000000258e-01
9.050000000000000266e-01
9.060000000000000275e-01
9.070000000000000284e-01
9.080000000000000293e-01
9.090000000000000302e-01
9.100000000000000311e-01
9.110000000000000320e-01
9.120000000000000329e-01
9.130000000000000338e-01
9.140000000000000346e-01
9.150000000000000355e-01
9.160000000000000364e-01
9.170000000000000373e-01
9.180000000000000382e-01
9.190000000000000391e-01
9.200000000000000400e-01
9.210000000000000409e-01
9.220000000000000417e-01
9.230000000000000426e-01
9.240000000000000435e-01
9.250000000000000444e-01
9.260000000000000453e-01
9.270000000000000462e-01
9.280000000000000471e-01
9.290000000000000480e-01
9.300000000000000488e-01
9.310000000000000497e-01
9.320000000000000506e-01
9.330000000000000515e-01
9.340000000000000524e-01
9.350000000000000533e-01
9.360000000000000542e-01
9.370000000000000551e-01
9.380000000000000560e-01
9.390000000000000568e-01
9.400000000000000577e-01
9.410000000000000586e-01
9.420000000000000595e-01
9.430000000000000604e-01
9.440000000000000613e-01
9.450000000000000622e-01
9.460000000000000631e-01
9.470000000000000639e-01
9.479999999999999538e-01
9.490000000000000657e-01
9.499999999999999556e-01
9.510000000000000675e-01
9.519999999999999574e-01
9.530000000000000693e-01
9.539999999999999591e-01
9.549999999999999600e-01
9.559999999999999609e-01
9.569999999999999618e-01
9.579999999999999627e-01
9.589999999999999636e-01
9.599999999999999645e-01
9.609999999999999654e-01
9.619999999999999662e-01
9.629999999999999671e-01
9.639999999999999680e-01
9.649999999999999689e-01
9.659999999999999698e-01
9.669999999999999707e-01
9.679999999999999716e-01
9.689999999999999725e-01
9.699999999999999734e-01
9.709999999999999742e-01
9.719999999999999751e-01
9.729999999999999760e-01
9.739999999999999769e-01
9.749999999999999778e-01
9.759999999999999787e-01
9.769999999999999796e-01
9.779999999999999805e-01
9.789999999999999813e-01
9.799999999999999822e-01
9.809999999999999831e-01
9.819999999999999840e-01
9.829999999999999849e-01
9.839999999999999858e-01
9.849999999999999867e-01
9.859999999999999876e-01
9.869999999999999885e-01
9.879999999999999893e-01
9.889999999999999902e-01
9.899999999999999911e-01
9.909999999999999920e-01
9.919999999999999929e-01
9.929999999999999938e-01
9.939999999999999947e-01
9.949999999999999956e-01
9.959999999999999964e-01
9.969999999999999973e-01
9.979999999999999982e-01
9.989999999999999991e-01
1.000000000000000000e+00
